{
 "cells": [
  {
   "cell_type": "markdown",
   "id": "50df8dc7",
   "metadata": {},
   "source": [
    "# 机械臂手眼标定-眼在手上-Python实现\n",
    "## 导入依赖"
   ]
  },
  {
   "cell_type": "code",
   "execution_count": 1,
   "id": "78c12087",
   "metadata": {},
   "outputs": [],
   "source": [
    "import numpy as np\n",
    "# 自定义库\n",
    "from transform import Transform\n",
    "from pose import Pose\n",
    "from tsai import calibration_eye_in_hand\n",
    "\n",
    "np.set_printoptions(precision=3, suppress=True)"
   ]
  },
  {
   "cell_type": "markdown",
   "id": "5a3eca30",
   "metadata": {},
   "source": [
    "## 原始数据"
   ]
  },
  {
   "cell_type": "code",
   "execution_count": 2,
   "id": "7b1e4fd7",
   "metadata": {},
   "outputs": [],
   "source": [
    "# 原始数据: 腕关节在机械臂基坐标系下的位姿 ^{arm}_{wrist}T\n",
    "# 数据来源: 通过示教器读取\n",
    "# 数据格式: x,y,z，roll,pitch,yaw\n",
    "# xyz为三维坐标，单位m\n",
    "# [roll, pitch, yaw] 为欧拉角, 单位°\n",
    "raw_wrist_pose = np.float64([\n",
    "    [0.82772, 0.06522, 0.75224, -144.93, 67.32, -145.78],\n",
    "    [0.80865, 0.12002, 0.80706, 174.46, 58.62, 158.47],\n",
    "    [0.80866, 0.12544, 0.67755, 110.68, 83.35, 89.47],\n",
    "    [0.82286, 0.05224, 0.66590, -87.14, 70.66, -79.66],\n",
    "    [0.88218,-0.01751, 0.75942, -131.85,60.81, -127.65],\n",
    "    [0.87886, 0.02781, 0.80272, 148.30, 53.81, 152.58],\n",
    "    [0.93914, 0.15168, 0.76964, 175.39, 66.25, 163.54],\n",
    "    [0.92465, 0.19866, 0.72486, -152.84,75.11, -171.24],\n",
    "    [0.91312, 0.14485, 0.72482, -106.60, 55.06, -124.55],\n",
    "    [0.91310, 0.05494, 0.72477, -176.14, 74.58, -167.83],\n",
    "    [0.92506, 0.08207, 0.80342, -129.92, 49.88, -136.51],\n",
    "    [0.93684, 0.12112, 0.72428, 148.61, 71.30, 141.06]])\n",
    "\n",
    "# 原始数据: 标定板在相机坐标系下的位姿 ^{cami}_{board}T\n",
    "# 数据来源: 相机标定得到，相机外参。\n",
    "# 数据格式: x,y,z,xn,yn,zn \n",
    "# xyz为三维坐标，单位m\n",
    "# [xn, yn, zn]=rvect 旋转向量, 旋转角度为旋转向量的模长.\n",
    "raw_caliboard_pose = np.float64([\n",
    "    [-0.05278, -0.08160, 0.39593,  0.02834, -0.02854,  0.22926],\n",
    "    [-0.13787, -0.07793, 0.37583,  0.24938, -0.22099, -0.15542],\n",
    "    [-0.17817, -0.00343, 0.40412, -0.26167, -0.32992, -0.16666],\n",
    "    [ 0.00962, -0.02616, 0.45339, -0.33369,  0.08834,  0.35973],\n",
    "    [-0.08343, -0.09897, 0.34839,  0.03381,  0.03085,  0.40624],\n",
    "    [-0.10354, -0.03125, 0.34939,  0.26487,  0.14562, -0.27929],\n",
    "    [-0.04634, -0.02492, 0.27151,  0.12825, -0.16397, -0.09373],\n",
    "    [-0.02279, -0.03672, 0.29697, -0.02907, -0.30641,  0.03926],\n",
    "    [-0.01490, -0.06452, 0.29502, -0.01287, -0.36766,  0.50575],\n",
    "    [-0.03314, -0.04779, 0.32411, -0.01859,  0.15740,  0.07058],\n",
    "    [-0.04223, -0.06639, 0.27773,  0.19789, -0.16627,  0.49610],\n",
    "    [-0.07012, -0.02279, 0.28054, -0.01190, -0.07518, -0.19488]])\n",
    "\n"
   ]
  },
  {
   "cell_type": "markdown",
   "id": "d751d0ca",
   "metadata": {},
   "source": [
    "## 构造齐次变换矩阵"
   ]
  },
  {
   "cell_type": "code",
   "execution_count": 3,
   "id": "1000d7b7",
   "metadata": {},
   "outputs": [
    {
     "name": "stdout",
     "output_type": "stream",
     "text": [
      "T_arm2wrist_list\n",
      "[[-0.319 -0.022  0.948  0.828]\n",
      " [-0.217  0.975 -0.05   0.065]\n",
      " [-0.923 -0.222 -0.316  0.752]\n",
      " [ 0.     0.     0.     1.   ]]\n",
      "[[-0.484  0.289  0.826  0.809]\n",
      " [ 0.191  0.956 -0.222  0.12 ]\n",
      " [-0.854  0.05  -0.518  0.807]\n",
      " [ 0.     0.     0.     1.   ]]\n",
      "[[ 0.001  0.362  0.932  0.809]\n",
      " [ 0.116  0.926 -0.359  0.125]\n",
      " [-0.993  0.108 -0.041  0.678]\n",
      " [ 0.     0.     0.     1.   ]]\n",
      "[[ 0.059 -0.12   0.991  0.823]\n",
      " [-0.326  0.936  0.133  0.052]\n",
      " [-0.944 -0.331  0.017  0.666]\n",
      " [ 0.     0.     0.     1.   ]]\n",
      "[[-0.298 -0.131  0.946  0.882]\n",
      " [-0.386  0.922  0.006 -0.018]\n",
      " [-0.873 -0.363 -0.325  0.759]\n",
      " [ 0.     0.     0.     1.   ]]\n",
      "[[-0.524  0.015  0.852  0.879]\n",
      " [ 0.272  0.951  0.15   0.028]\n",
      " [-0.807  0.31  -0.502  0.803]\n",
      " [ 0.     0.     0.     1.   ]]\n",
      "[[-0.386  0.212  0.898  0.939]\n",
      " [ 0.114  0.977 -0.181  0.152]\n",
      " [-0.915  0.032 -0.401  0.77 ]\n",
      " [ 0.     0.     0.     1.   ]]\n",
      "[[-0.254  0.3    0.919  0.925]\n",
      " [-0.039  0.947 -0.32   0.199]\n",
      " [-0.966 -0.117 -0.229  0.725]\n",
      " [ 0.     0.     0.     1.   ]]\n",
      "[[-0.325  0.21   0.922  0.913]\n",
      " [-0.472  0.809 -0.351  0.145]\n",
      " [-0.82  -0.549 -0.164  0.725]\n",
      " [ 0.     0.     0.     1.   ]]\n",
      "[[-0.26  -0.147  0.954  0.913]\n",
      " [-0.056  0.989  0.137  0.055]\n",
      " [-0.964 -0.018 -0.265  0.725]\n",
      " [ 0.     0.     0.     1.   ]]\n",
      "[[-0.468 -0.016  0.884  0.925]\n",
      " [-0.443  0.869 -0.219  0.082]\n",
      " [-0.765 -0.494 -0.414  0.803]\n",
      " [ 0.     0.     0.     1.   ]]\n",
      "[[-0.249  0.153  0.956  0.937]\n",
      " [ 0.202  0.974 -0.103  0.121]\n",
      " [-0.947  0.167 -0.274  0.724]\n",
      " [ 0.     0.     0.     1.   ]]\n"
     ]
    }
   ],
   "source": [
    "print(\"T_arm2wrist_list\")\n",
    "# 腕关节在机械臂基坐标系下的位姿\n",
    "T_arm2wrist_list = []\n",
    "for x, y, z, roll, pitch, yaw in raw_wrist_pose:\n",
    "    # 欧拉角转换为弧度\n",
    "    rpy = np.radians(np.float64([roll, pitch, yaw]))\n",
    "    # 创建位姿对象\n",
    "    pose = Pose()\n",
    "    pose.set_position(x, y, z) # 设置位置\n",
    "    pose.set_euler_angle(*rpy) # 设置欧拉角\n",
    "    # 获取齐次变换矩阵\n",
    "    T_arm2wristi = pose.get_transform_matrix()\n",
    "    print(T_arm2wristi)\n",
    "    T_arm2wrist_list.append(T_arm2wristi)"
   ]
  },
  {
   "cell_type": "code",
   "execution_count": 4,
   "id": "0d133074",
   "metadata": {},
   "outputs": [
    {
     "name": "stdout",
     "output_type": "stream",
     "text": [
      "T_cam2board_list\n",
      "[[ 0.973 -0.228 -0.025 -0.053]\n",
      " [ 0.227  0.973 -0.031 -0.082]\n",
      " [ 0.032  0.025  0.999  0.396]\n",
      " [ 0.     0.     0.     1.   ]]\n",
      "[[ 0.964  0.125 -0.235 -0.138]\n",
      " [-0.179  0.957 -0.227 -0.078]\n",
      " [ 0.197  0.261  0.945  0.376]\n",
      " [ 0.     0.     0.     1.   ]]\n",
      "[[ 0.933  0.203 -0.297 -0.178]\n",
      " [-0.119  0.953  0.28  -0.003]\n",
      " [ 0.34  -0.226  0.913  0.404]\n",
      " [ 0.     0.     0.     1.   ]]\n",
      "[[ 0.933 -0.359  0.026  0.01 ]\n",
      " [ 0.331  0.882  0.336 -0.026]\n",
      " [-0.144 -0.304  0.942  0.453]\n",
      " [ 0.     0.     0.     1.   ]]\n",
      "[[ 0.918 -0.395  0.037 -0.083]\n",
      " [ 0.396  0.918 -0.027 -0.099]\n",
      " [-0.023  0.039  0.999  0.348]\n",
      " [ 0.     0.     0.     1.   ]]\n",
      "[[ 0.951  0.29   0.105 -0.104]\n",
      " [-0.252  0.927 -0.278 -0.031]\n",
      " [-0.178  0.237  0.955  0.349]\n",
      " [ 0.     0.     0.     1.   ]]\n",
      "[[ 0.982  0.082 -0.169 -0.046]\n",
      " [-0.103  0.987 -0.119 -0.025]\n",
      " [ 0.157  0.135  0.978  0.272]\n",
      " [ 0.     0.     0.     1.   ]]\n",
      "[[ 0.953 -0.034 -0.302 -0.023]\n",
      " [ 0.043  0.999  0.023 -0.037]\n",
      " [ 0.301 -0.035  0.953  0.297]\n",
      " [ 0.     0.     0.     1.   ]]\n",
      "[[ 0.811 -0.471 -0.347 -0.015]\n",
      " [ 0.476  0.876 -0.078 -0.065]\n",
      " [ 0.341 -0.102  0.935  0.295]\n",
      " [ 0.     0.     0.     1.   ]]\n",
      "[[ 0.985 -0.072  0.156 -0.033]\n",
      " [ 0.069  0.997  0.024 -0.048]\n",
      " [-0.157 -0.013  0.987  0.324]\n",
      " [ 0.     0.     0.     1.   ]]\n",
      "[[ 0.867 -0.487 -0.11  -0.042]\n",
      " [ 0.455  0.861 -0.228 -0.066]\n",
      " [ 0.206  0.148  0.967  0.278]\n",
      " [ 0.     0.     0.     1.   ]]\n",
      "[[ 0.978  0.194 -0.073 -0.07 ]\n",
      " [-0.193  0.981  0.019 -0.023]\n",
      " [ 0.076 -0.005  0.997  0.281]\n",
      " [ 0.     0.     0.     1.   ]]\n"
     ]
    }
   ],
   "source": [
    "print(\"T_cam2board_list\")\n",
    "T_cam2board_list = []\n",
    "for x, y, z, xn, yn, zn in raw_caliboard_pose:\n",
    "    # 创建位姿对象\n",
    "    pose = Pose()\n",
    "    pose.set_position(x, y, z)\n",
    "    rmat = Transform.rvect2rmat([xn, yn, zn])\n",
    "    pose.set_rotation_matrix(rmat)\n",
    "    # 获取齐次变换矩阵\n",
    "    T_cami2board = pose.get_transform_matrix()\n",
    "    print(T_cami2board)\n",
    "    T_cam2board_list.append(T_cami2board)"
   ]
  },
  {
   "cell_type": "markdown",
   "id": "cbf0cc6c",
   "metadata": {},
   "source": [
    "## 手眼标定"
   ]
  },
  {
   "cell_type": "code",
   "execution_count": 5,
   "id": "c832f444",
   "metadata": {},
   "outputs": [
    {
     "name": "stdout",
     "output_type": "stream",
     "text": [
      "[[ 0.    -0.755  0.398]\n",
      " [ 0.755  0.     0.076]\n",
      " [-0.398 -0.076  0.   ]]\n",
      "N_Ai: [0.169 0.238 0.377]\n",
      "N_Bi: [-0.246  0.16   0.378]\n",
      "N_Ai + N_Bi: [-0.076  0.398  0.755]\n",
      "sigma: [0.856 0.856 0.   ]\n",
      "Rank Skew(N_Ai + N_Bi): 2\n",
      "[[ 0.    -0.786  0.069]\n",
      " [ 0.786  0.    -0.571]\n",
      " [-0.069  0.571  0.   ]]\n",
      "N_Ai: [ 0.325 -0.256  0.391]\n",
      "N_Bi: [0.245 0.324 0.395]\n",
      "N_Ai + N_Bi: [0.571 0.069 0.786]\n",
      "sigma: [0.974 0.974 0.   ]\n",
      "Rank Skew(N_Ai + N_Bi): 2\n",
      "[[ 0.     0.256 -0.445]\n",
      " [-0.256  0.    -0.288]\n",
      " [ 0.445  0.288  0.   ]]\n",
      "N_Ai: [-0.082 -0.373 -0.128]\n",
      "N_Bi: [ 0.37  -0.072 -0.128]\n",
      "N_Ai + N_Bi: [ 0.288 -0.445 -0.256]\n",
      "sigma: [0.589 0.589 0.   ]\n",
      "Rank Skew(N_Ai + N_Bi): 2\n",
      "[[ 0.     0.355 -0.064]\n",
      " [-0.355  0.     0.053]\n",
      " [ 0.064 -0.053  0.   ]]\n",
      "N_Ai: [-0.057 -0.008 -0.178]\n",
      "N_Bi: [ 0.004 -0.056 -0.178]\n",
      "N_Ai + N_Bi: [-0.053 -0.064 -0.355]\n",
      "sigma: [0.365 0.365 0.   ]\n",
      "Rank Skew(N_Ai + N_Bi): 2\n",
      "[[ 0.    -0.991  0.011]\n",
      " [ 0.991  0.     0.414]\n",
      " [-0.011 -0.414  0.   ]]\n",
      "N_Ai: [-0.193  0.217  0.497]\n",
      "N_Bi: [-0.221 -0.205  0.494]\n",
      "N_Ai + N_Bi: [-0.414  0.011  0.991]\n",
      "sigma: [1.074 1.074 0.   ]\n",
      "Rank Skew(N_Ai + N_Bi): 2\n",
      "[[ 0.    -0.642  0.223]\n",
      " [ 0.642  0.    -0.007]\n",
      " [-0.223  0.007  0.   ]]\n",
      "N_Ai: [0.127 0.105 0.321]\n",
      "N_Bi: [-0.119  0.118  0.321]\n",
      "N_Ai + N_Bi: [0.007 0.223 0.642]\n",
      "sigma: [0.68 0.68 0.  ]\n",
      "Rank Skew(N_Ai + N_Bi): 2\n",
      "[[ 0.    -0.382  0.239]\n",
      " [ 0.382  0.    -0.304]\n",
      " [-0.239  0.304  0.   ]]\n",
      "N_Ai: [ 0.282 -0.04   0.19 ]\n",
      "N_Bi: [0.022 0.279 0.192]\n",
      "N_Ai + N_Bi: [0.304 0.239 0.382]\n",
      "sigma: [0.544 0.544 0.   ]\n",
      "Rank Skew(N_Ai + N_Bi): 2\n",
      "[[ 0.     0.545  0.319]\n",
      " [-0.545  0.    -0.342]\n",
      " [-0.319  0.342  0.   ]]\n",
      "N_Ai: [ 0.337 -0.021 -0.274]\n",
      "N_Bi: [ 0.005  0.341 -0.271]\n",
      "N_Ai + N_Bi: [ 0.342  0.319 -0.545]\n",
      "sigma: [0.718 0.718 0.   ]\n",
      "Rank Skew(N_Ai + N_Bi): 2\n",
      "[[ 0.    -0.315 -0.257]\n",
      " [ 0.315  0.     0.113]\n",
      " [ 0.257 -0.113  0.   ]]\n",
      "N_Ai: [-0.179 -0.076  0.159]\n",
      "N_Bi: [ 0.066 -0.181  0.156]\n",
      "N_Ai + N_Bi: [-0.113 -0.257  0.315]\n",
      "sigma: [0.422 0.422 0.   ]\n",
      "Rank Skew(N_Ai + N_Bi): 2\n",
      "[[ 0.     0.533  0.286]\n",
      " [-0.533  0.     0.058]\n",
      " [-0.286 -0.058  0.   ]]\n",
      "N_Ai: [ 0.121  0.166 -0.266]\n",
      "N_Bi: [-0.179  0.12  -0.267]\n",
      "N_Ai + N_Bi: [-0.058  0.286 -0.533]\n",
      "sigma: [0.608 0.608 0.   ]\n",
      "Rank Skew(N_Ai + N_Bi): 2\n",
      "[[ 0.    -0.845  0.003]\n",
      " [ 0.845  0.    -0.082]\n",
      " [-0.003  0.082  0.   ]]\n",
      "N_Ai: [ 0.053 -0.042  0.423]\n",
      "N_Bi: [0.029 0.045 0.422]\n",
      "N_Ai + N_Bi: [0.082 0.003 0.845]\n",
      "sigma: [0.849 0.849 0.   ]\n",
      "Rank Skew(N_Ai + N_Bi): 2\n",
      "[[ 0.    -0.159 -0.438]\n",
      " [ 0.159  0.    -0.563]\n",
      " [ 0.438  0.563  0.   ]]\n",
      "N_Ai: [ 0.059 -0.505  0.079]\n",
      "N_Bi: [0.504 0.067 0.081]\n",
      "N_Ai + N_Bi: [ 0.563 -0.438  0.159]\n",
      "sigma: [0.73 0.73 0.  ]\n",
      "Rank Skew(N_Ai + N_Bi): 2\n",
      "[[ 0.     0.946 -0.871]\n",
      " [-0.946  0.    -0.297]\n",
      " [ 0.871  0.297  0.   ]]\n",
      "N_Ai: [-0.301 -0.591 -0.471]\n",
      "N_Bi: [ 0.597 -0.28  -0.474]\n",
      "N_Ai + N_Bi: [ 0.297 -0.871 -0.946]\n",
      "sigma: [1.319 1.319 0.   ]\n",
      "Rank Skew(N_Ai + N_Bi): 2\n",
      "[[ 0.     1.109 -0.441]\n",
      " [-1.109  0.    -0.047]\n",
      " [ 0.441  0.047  0.   ]]\n",
      "N_Ai: [-0.204 -0.249 -0.554]\n",
      "N_Bi: [ 0.252 -0.193 -0.555]\n",
      "N_Ai + N_Bi: [ 0.047 -0.441 -1.109]\n",
      "sigma: [1.195 1.195 0.   ]\n",
      "Rank Skew(N_Ai + N_Bi): 2\n",
      "[[ 0.    -0.155 -0.31 ]\n",
      " [ 0.155  0.     0.426]\n",
      " [ 0.31  -0.426  0.   ]]\n",
      "N_Ai: [-0.368  0.061  0.081]\n",
      "N_Bi: [-0.057 -0.371  0.075]\n",
      "N_Ai + N_Bi: [-0.426 -0.31   0.155]\n",
      "sigma: [0.549 0.549 0.   ]\n",
      "Rank Skew(N_Ai + N_Bi): 2\n",
      "[[ 0.     0.108 -0.188]\n",
      " [-0.108  0.    -0.061]\n",
      " [ 0.188  0.061  0.   ]]\n",
      "N_Ai: [-0.062 -0.129 -0.053]\n",
      "N_Bi: [ 0.123 -0.059 -0.055]\n",
      "N_Ai + N_Bi: [ 0.061 -0.188 -0.108]\n",
      "sigma: [0.225 0.225 0.   ]\n",
      "Rank Skew(N_Ai + N_Bi): 2\n",
      "[[ 0.     0.3   -0.225]\n",
      " [-0.3    0.    -0.378]\n",
      " [ 0.225  0.378  0.   ]]\n",
      "N_Ai: [ 0.077 -0.31  -0.15 ]\n",
      "N_Bi: [ 0.301  0.086 -0.15 ]\n",
      "N_Ai + N_Bi: [ 0.378 -0.225 -0.3  ]\n",
      "sigma: [0.532 0.532 0.   ]\n",
      "Rank Skew(N_Ai + N_Bi): 2\n",
      "[[ 0.     1.182 -0.132]\n",
      " [-1.182  0.    -0.521]\n",
      " [ 0.132  0.521  0.   ]]\n",
      "N_Ai: [ 0.19  -0.34  -0.592]\n",
      "N_Bi: [ 0.331  0.207 -0.59 ]\n",
      "N_Ai + N_Bi: [ 0.521 -0.132 -1.182]\n",
      "sigma: [1.299 1.299 0.   ]\n",
      "Rank Skew(N_Ai + N_Bi): 2\n",
      "[[ 0.     0.475 -0.628]\n",
      " [-0.475  0.     0.114]\n",
      " [ 0.628 -0.114  0.   ]]\n",
      "N_Ai: [-0.375 -0.262 -0.234]\n",
      "N_Bi: [ 0.261 -0.366 -0.241]\n",
      "N_Ai + N_Bi: [-0.114 -0.628 -0.475]\n",
      "sigma: [0.796 0.796 0.   ]\n",
      "Rank Skew(N_Ai + N_Bi): 2\n",
      "[[ 0.     1.261 -0.093]\n",
      " [-1.261  0.    -0.126]\n",
      " [ 0.093  0.126  0.   ]]\n",
      "N_Ai: [ 0.013 -0.119 -0.63 ]\n",
      "N_Bi: [ 0.113  0.026 -0.631]\n",
      "N_Ai + N_Bi: [ 0.126 -0.093 -1.261]\n",
      "sigma: [1.271 1.271 0.   ]\n",
      "Rank Skew(N_Ai + N_Bi): 2\n",
      "[[ 0.    -0.101 -0.417]\n",
      " [ 0.101  0.    -0.071]\n",
      " [ 0.417  0.071  0.   ]]\n",
      "N_Ai: [-0.172 -0.248  0.052]\n",
      "N_Bi: [ 0.243 -0.17   0.048]\n",
      "N_Ai + N_Bi: [ 0.071 -0.417  0.101]\n",
      "sigma: [0.435 0.435 0.   ]\n",
      "Rank Skew(N_Ai + N_Bi): 2\n",
      "[[ 0.     0.876 -0.587]\n",
      " [-0.876  0.     0.365]\n",
      " [ 0.587 -0.365  0.   ]]\n",
      "N_Ai: [-0.486 -0.112 -0.434]\n",
      "N_Bi: [ 0.121 -0.476 -0.442]\n",
      "N_Ai + N_Bi: [-0.365 -0.587 -0.876]\n",
      "sigma: [ 1.116  1.116 -0.   ]\n",
      "Rank Skew(N_Ai + N_Bi): 2\n",
      "[[ 0.     1.107 -0.17 ]\n",
      " [-1.107  0.     0.626]\n",
      " [ 0.17  -0.626  0.   ]]\n",
      "N_Ai: [-0.403  0.229 -0.551]\n",
      "N_Bi: [-0.223 -0.4   -0.556]\n",
      "N_Ai + N_Bi: [-0.626 -0.17  -1.107]\n",
      "sigma: [1.283 1.283 0.   ]\n",
      "Rank Skew(N_Ai + N_Bi): 2\n",
      "[[ 0.    -0.176  0.168]\n",
      " [ 0.176  0.     0.959]\n",
      " [-0.168 -0.959  0.   ]]\n",
      "N_Ai: [-0.391  0.571  0.092]\n",
      "N_Bi: [-0.568 -0.403  0.084]\n",
      "N_Ai + N_Bi: [-0.959  0.168  0.176]\n",
      "sigma: [0.989 0.989 0.   ]\n",
      "Rank Skew(N_Ai + N_Bi): 2\n",
      "[[ 0.     0.225  0.237]\n",
      " [-0.225  0.     0.521]\n",
      " [-0.237 -0.521  0.   ]]\n",
      "N_Ai: [-0.137  0.38  -0.11 ]\n",
      "N_Bi: [-0.384 -0.143 -0.115]\n",
      "N_Ai + N_Bi: [-0.521  0.237 -0.225]\n",
      "sigma: [0.615 0.615 0.   ]\n",
      "Rank Skew(N_Ai + N_Bi): 2\n",
      "[[ 0.     0.468  0.156]\n",
      " [-0.468  0.     0.23 ]\n",
      " [-0.156 -0.23   0.   ]]\n",
      "N_Ai: [-0.034  0.189 -0.232]\n",
      "N_Bi: [-0.196 -0.033 -0.236]\n",
      "N_Ai + N_Bi: [-0.23   0.156 -0.468]\n",
      "sigma: [0.545 0.545 0.   ]\n",
      "Rank Skew(N_Ai + N_Bi): 2\n",
      "[[ 0.     1.371  0.094]\n",
      " [-1.371  0.     0.157]\n",
      " [-0.094 -0.157  0.   ]]\n",
      "N_Ai: [-0.034  0.119 -0.684]\n",
      "N_Bi: [-0.123 -0.024 -0.687]\n",
      "N_Ai + N_Bi: [-0.157  0.094 -1.371]\n",
      "sigma: [1.383 1.383 0.   ]\n",
      "Rank Skew(N_Ai + N_Bi): 2\n",
      "[[ 0.     0.41  -0.248]\n",
      " [-0.41   0.     0.73 ]\n",
      " [ 0.248 -0.73   0.   ]]\n",
      "N_Ai: [-0.489  0.242 -0.2  ]\n",
      "N_Bi: [-0.242 -0.49  -0.21 ]\n",
      "N_Ai + N_Bi: [-0.73  -0.248 -0.41 ]\n",
      "sigma: [0.873 0.873 0.   ]\n",
      "Rank Skew(N_Ai + N_Bi): 2\n",
      "[[ 0.     1.372  0.142]\n",
      " [-1.372  0.     0.553]\n",
      " [-0.142 -0.553  0.   ]]\n",
      "N_Ai: [-0.207  0.344 -0.683]\n",
      "N_Bi: [-0.346 -0.202 -0.689]\n",
      "N_Ai + N_Bi: [-0.553  0.142 -1.372]\n",
      "sigma: [1.486 1.486 0.   ]\n",
      "Rank Skew(N_Ai + N_Bi): 2\n",
      "[[ 0.    -0.041  0.04 ]\n",
      " [ 0.041  0.     0.493]\n",
      " [-0.04  -0.493  0.   ]]\n",
      "N_Ai: [-0.221  0.268  0.024]\n",
      "N_Bi: [-0.272 -0.228  0.017]\n",
      "N_Ai + N_Bi: [-0.493  0.04   0.041]\n",
      "sigma: [0.496 0.496 0.   ]\n",
      "Rank Skew(N_Ai + N_Bi): 2\n",
      "[[ 0.     0.072  0.351]\n",
      " [-0.072  0.     0.375]\n",
      " [-0.351 -0.375  0.   ]]\n",
      "N_Ai: [-0.007  0.367 -0.036]\n",
      "N_Bi: [-0.368 -0.017 -0.036]\n",
      "N_Ai + N_Bi: [-0.375  0.351 -0.072]\n",
      "sigma: [0.518 0.518 0.   ]\n",
      "Rank Skew(N_Ai + N_Bi): 2\n",
      "[[ 0.    -1.307  0.481]\n",
      " [ 1.307  0.     0.572]\n",
      " [-0.481 -0.572  0.   ]]\n",
      "N_Ai: [-0.032  0.537  0.655]\n",
      "N_Bi: [-0.54  -0.056  0.653]\n",
      "N_Ai + N_Bi: [-0.572  0.481  1.307]\n",
      "sigma: [1.506 1.506 0.   ]\n",
      "Rank Skew(N_Ai + N_Bi): 2\n",
      "[[ 0.    -0.844  0.703]\n",
      " [ 0.844  0.     0.219]\n",
      " [-0.703 -0.219  0.   ]]\n",
      "N_Ai: [0.258 0.464 0.421]\n",
      "N_Bi: [-0.477  0.238  0.423]\n",
      "N_Ai + N_Bi: [-0.219  0.703  0.844]\n",
      "sigma: [1.12 1.12 0.  ]\n",
      "Rank Skew(N_Ai + N_Bi): 2\n",
      "[[ 0.    -0.52   0.719]\n",
      " [ 0.52   0.    -0.041]\n",
      " [-0.719  0.041  0.   ]]\n",
      "N_Ai: [0.395 0.338 0.258]\n",
      "N_Bi: [-0.354  0.381  0.262]\n",
      "N_Ai + N_Bi: [0.041 0.719 0.52 ]\n",
      "sigma: [0.888 0.888 0.   ]\n",
      "Rank Skew(N_Ai + N_Bi): 2\n",
      "[[ 0.     0.411  0.73 ]\n",
      " [-0.411  0.     0.028]\n",
      " [-0.73  -0.028  0.   ]]\n",
      "N_Ai: [ 0.36   0.376 -0.207]\n",
      "N_Bi: [-0.388  0.354 -0.204]\n",
      "N_Ai + N_Bi: [-0.028  0.73  -0.411]\n",
      "sigma: [0.838 0.838 0.   ]\n",
      "Rank Skew(N_Ai + N_Bi): 2\n",
      "[[ 0.    -0.624  0.204]\n",
      " [ 0.624  0.     0.345]\n",
      " [-0.204 -0.345  0.   ]]\n",
      "N_Ai: [-0.059  0.278  0.313]\n",
      "N_Bi: [-0.286 -0.074  0.312]\n",
      "N_Ai + N_Bi: [-0.345  0.204  0.624]\n",
      "sigma: [0.742 0.742 0.   ]\n",
      "Rank Skew(N_Ai + N_Bi): 2\n",
      "[[ 0.     0.302  0.676]\n",
      " [-0.302  0.     0.419]\n",
      " [-0.676 -0.419  0.   ]]\n",
      "N_Ai: [ 0.139  0.548 -0.151]\n",
      "N_Bi: [-0.557  0.127 -0.151]\n",
      "N_Ai + N_Bi: [-0.419  0.676 -0.302]\n",
      "sigma: [0.85 0.85 0.  ]\n",
      "Rank Skew(N_Ai + N_Bi): 2\n",
      "[[ 0.    -1.057  0.503]\n",
      " [ 1.057  0.     0.108]\n",
      " [-0.503 -0.108  0.   ]]\n",
      "N_Ai: [0.214 0.309 0.527]\n",
      "N_Bi: [-0.322  0.194  0.53 ]\n",
      "N_Ai + N_Bi: [-0.108  0.503  1.057]\n",
      "sigma: [1.175 1.175 0.   ]\n",
      "Rank Skew(N_Ai + N_Bi): 2\n",
      "[[ 0.    -1.34   0.023]\n",
      " [ 1.34   0.     0.347]\n",
      " [-0.023 -0.347  0.   ]]\n",
      "N_Ai: [-0.155  0.192  0.672]\n",
      "N_Bi: [-0.191 -0.169  0.668]\n",
      "N_Ai + N_Bi: [-0.347  0.023  1.34 ]\n",
      "sigma: [1.384 1.384 0.   ]\n",
      "Rank Skew(N_Ai + N_Bi): 2\n",
      "[[ 0.    -0.994  0.277]\n",
      " [ 0.994  0.    -0.05 ]\n",
      " [-0.277  0.05   0.   ]]\n",
      "N_Ai: [0.174 0.114 0.497]\n",
      "N_Bi: [-0.124  0.163  0.497]\n",
      "N_Ai + N_Bi: [0.05  0.277 0.994]\n",
      "sigma: [1.033 1.033 0.   ]\n",
      "Rank Skew(N_Ai + N_Bi): 2\n",
      "[[ 0.    -0.727  0.323]\n",
      " [ 0.727  0.    -0.341]\n",
      " [-0.323  0.341  0.   ]]\n",
      "N_Ai: [ 0.341 -0.013  0.362]\n",
      "N_Bi: [-0.001  0.336  0.365]\n",
      "N_Ai + N_Bi: [0.341 0.323 0.727]\n",
      "sigma: [0.865 0.865 0.   ]\n",
      "Rank Skew(N_Ai + N_Bi): 2\n",
      "[[ 0.     0.199  0.418]\n",
      " [-0.199  0.    -0.355]\n",
      " [-0.418  0.355  0.   ]]\n",
      "N_Ai: [ 0.392  0.024 -0.102]\n",
      "N_Bi: [-0.036  0.394 -0.097]\n",
      "N_Ai + N_Bi: [ 0.355  0.418 -0.199]\n",
      "sigma: [0.584 0.584 0.   ]\n",
      "Rank Skew(N_Ai + N_Bi): 2\n",
      "[[ 0.    -0.663 -0.207]\n",
      " [ 0.663  0.     0.032]\n",
      " [ 0.207 -0.032  0.   ]]\n",
      "N_Ai: [-0.114 -0.088  0.333]\n",
      "N_Bi: [ 0.082 -0.118  0.33 ]\n",
      "N_Ai + N_Bi: [-0.032 -0.207  0.663]\n",
      "sigma: [0.695 0.695 0.   ]\n",
      "Rank Skew(N_Ai + N_Bi): 2\n",
      "[[ 0.     0.172  0.35 ]\n",
      " [-0.172  0.     0.039]\n",
      " [-0.35  -0.039  0.   ]]\n",
      "N_Ai: [ 0.16   0.191 -0.086]\n",
      "N_Bi: [-0.2    0.159 -0.086]\n",
      "N_Ai + N_Bi: [-0.039  0.35  -0.172]\n",
      "sigma: [0.392 0.392 0.   ]\n",
      "Rank Skew(N_Ai + N_Bi): 2\n",
      "[[ 0.    -1.186  0.061]\n",
      " [ 1.186  0.    -0.147]\n",
      " [-0.061  0.147  0.   ]]\n",
      "N_Ai: [ 0.114 -0.042  0.593]\n",
      "N_Bi: [0.033 0.103 0.593]\n",
      "N_Ai + N_Bi: [0.147 0.061 1.186]\n",
      "sigma: [1.196 1.196 0.   ]\n",
      "Rank Skew(N_Ai + N_Bi): 2\n",
      "[[ 0.     0.311  0.134]\n",
      " [-0.311  0.    -0.468]\n",
      " [-0.134  0.468  0.   ]]\n",
      "N_Ai: [ 0.303 -0.175 -0.158]\n",
      "N_Bi: [ 0.165  0.309 -0.153]\n",
      "N_Ai + N_Bi: [ 0.468  0.134 -0.311]\n",
      "sigma: [0.578 0.578 0.   ]\n",
      "Rank Skew(N_Ai + N_Bi): 2\n",
      "[[ 0.     0.556  0.102]\n",
      " [-0.556  0.    -0.758]\n",
      " [-0.102  0.758  0.   ]]\n",
      "N_Ai: [ 0.43  -0.34  -0.281]\n",
      "N_Bi: [ 0.328  0.443 -0.274]\n",
      "N_Ai + N_Bi: [ 0.758  0.102 -0.556]\n",
      "sigma: [0.945 0.945 0.   ]\n",
      "Rank Skew(N_Ai + N_Bi): 2\n",
      "[[ 0.     1.418  0.266]\n",
      " [-1.418  0.    -0.812]\n",
      " [-0.266  0.812  0.   ]]\n",
      "N_Ai: [ 0.536 -0.289 -0.714]\n",
      "N_Bi: [ 0.277  0.555 -0.704]\n",
      "N_Ai + N_Bi: [ 0.812  0.266 -1.418]\n",
      "sigma: [1.656 1.656 0.   ]\n",
      "Rank Skew(N_Ai + N_Bi): 2\n",
      "[[ 0.     0.735 -0.261]\n",
      " [-0.735  0.    -0.238]\n",
      " [ 0.261  0.238  0.   ]]\n",
      "N_Ai: [-0.015 -0.258 -0.368]\n",
      "N_Bi: [ 0.253 -0.003 -0.367]\n",
      "N_Ai + N_Bi: [ 0.238 -0.261 -0.735]\n",
      "sigma: [0.816 0.816 0.   ]\n",
      "Rank Skew(N_Ai + N_Bi): 2\n",
      "[[ 0.     1.427  0.332]\n",
      " [-1.427  0.    -0.425]\n",
      " [-0.332  0.425  0.   ]]\n",
      "N_Ai: [ 0.376 -0.059 -0.716]\n",
      "N_Bi: [ 0.049  0.391 -0.71 ]\n",
      "N_Ai + N_Bi: [ 0.425  0.332 -1.427]\n",
      "sigma: [1.525 1.525 0.   ]\n",
      "Rank Skew(N_Ai + N_Bi): 2\n",
      "[[ 0.     0.156 -0.116]\n",
      " [-0.156  0.    -0.481]\n",
      " [ 0.116  0.481  0.   ]]\n",
      "N_Ai: [ 0.183 -0.306 -0.079]\n",
      "N_Bi: [ 0.298  0.19  -0.076]\n",
      "N_Ai + N_Bi: [ 0.481 -0.116 -0.156]\n",
      "sigma: [0.519 0.519 0.   ]\n",
      "Rank Skew(N_Ai + N_Bi): 2\n",
      "[[ 0.     0.222 -0.033]\n",
      " [-0.222  0.    -0.309]\n",
      " [ 0.033  0.309  0.   ]]\n",
      "N_Ai: [ 0.136 -0.176 -0.112]\n",
      "N_Bi: [ 0.173  0.143 -0.109]\n",
      "N_Ai + N_Bi: [ 0.309 -0.033 -0.222]\n",
      "sigma: [0.382 0.382 0.   ]\n",
      "Rank Skew(N_Ai + N_Bi): 2\n",
      "[[ 0.     1.123  0.04 ]\n",
      " [-1.123  0.    -0.411]\n",
      " [-0.04   0.411  0.   ]]\n",
      "N_Ai: [ 0.219 -0.195 -0.564]\n",
      "N_Bi: [ 0.192  0.235 -0.559]\n",
      "N_Ai + N_Bi: [ 0.411  0.04  -1.123]\n",
      "sigma: [1.197 1.197 0.   ]\n",
      "Rank Skew(N_Ai + N_Bi): 2\n",
      "[[ 0.     0.338 -0.455]\n",
      " [-0.338  0.     0.178]\n",
      " [ 0.455 -0.178  0.   ]]\n",
      "N_Ai: [-0.322 -0.14  -0.167]\n",
      "N_Bi: [ 0.144 -0.316 -0.172]\n",
      "N_Ai + N_Bi: [-0.178 -0.455 -0.338]\n",
      "sigma: [0.594 0.594 0.   ]\n",
      "Rank Skew(N_Ai + N_Bi): 2\n",
      "[[ 0.     1.165  0.069]\n",
      " [-1.165  0.    -0.011]\n",
      " [-0.069  0.011  0.   ]]\n",
      "N_Ai: [ 0.034  0.023 -0.583]\n",
      "N_Bi: [-0.023  0.046 -0.582]\n",
      "N_Ai + N_Bi: [ 0.011  0.069 -1.165]\n",
      "sigma: [1.167 1.167 0.   ]\n",
      "Rank Skew(N_Ai + N_Bi): 2\n",
      "[[ 0.    -0.214 -0.227]\n",
      " [ 0.214  0.    -0.026]\n",
      " [ 0.227  0.026  0.   ]]\n",
      "N_Ai: [-0.1   -0.126  0.108]\n",
      "N_Bi: [ 0.127 -0.101  0.106]\n",
      "N_Ai + N_Bi: [ 0.026 -0.227  0.214]\n",
      "sigma: [0.313 0.313 0.   ]\n",
      "Rank Skew(N_Ai + N_Bi): 2\n",
      "[[ 0.     0.917  0.007]\n",
      " [-0.917  0.    -0.103]\n",
      " [-0.007  0.103  0.   ]]\n",
      "N_Ai: [ 0.049 -0.053 -0.459]\n",
      "N_Bi: [ 0.054  0.06  -0.458]\n",
      "N_Ai + N_Bi: [ 0.103  0.007 -0.917]\n",
      "sigma: [0.923 0.923 0.   ]\n",
      "Rank Skew(N_Ai + N_Bi): 2\n",
      "[[ 0.     0.043 -0.455]\n",
      " [-0.043  0.     0.457]\n",
      " [ 0.455 -0.457  0.   ]]\n",
      "N_Ai: [-0.46   0.005 -0.017]\n",
      "N_Bi: [ 0.003 -0.46  -0.026]\n",
      "N_Ai + N_Bi: [-0.457 -0.455 -0.043]\n",
      "sigma: [0.646 0.646 0.   ]\n",
      "Rank Skew(N_Ai + N_Bi): 2\n",
      "[[ 0.     0.954  0.012]\n",
      " [-0.954  0.     0.298]\n",
      " [-0.012 -0.298  0.   ]]\n",
      "N_Ai: [-0.149  0.154 -0.476]\n",
      "N_Bi: [-0.149 -0.142 -0.478]\n",
      "N_Ai + N_Bi: [-0.298  0.012 -0.954]\n",
      "sigma: [1. 1. 0.]\n",
      "Rank Skew(N_Ai + N_Bi): 2\n",
      "[[ 0.    -0.468 -0.174]\n",
      " [ 0.468  0.     0.267]\n",
      " [ 0.174 -0.267  0.   ]]\n",
      "N_Ai: [-0.219  0.052  0.236]\n",
      "N_Bi: [-0.048 -0.226  0.232]\n",
      "N_Ai + N_Bi: [-0.267 -0.174  0.468]\n",
      "sigma: [0.566 0.566 0.   ]\n",
      "Rank Skew(N_Ai + N_Bi): 2\n",
      "[[ 0.    -0.875 -0.556]\n",
      " [ 0.875  0.     0.44 ]\n",
      " [ 0.556 -0.44   0.   ]]\n",
      "N_Ai: [-0.497 -0.05   0.442]\n",
      "N_Bi: [ 0.057 -0.506  0.433]\n",
      "N_Ai + N_Bi: [-0.44  -0.556  0.875]\n",
      "sigma: [1.126 1.126 0.   ]\n",
      "Rank Skew(N_Ai + N_Bi): 2\n",
      "[[ 0.     0.043 -0.089]\n",
      " [-0.043  0.     0.39 ]\n",
      " [ 0.089 -0.39   0.   ]]\n",
      "N_Ai: [-0.24   0.154 -0.019]\n",
      "N_Bi: [-0.15  -0.243 -0.024]\n",
      "N_Ai + N_Bi: [-0.39  -0.089 -0.043]\n",
      "sigma: [0.402 0.402 0.   ]\n",
      "Rank Skew(N_Ai + N_Bi): 2\n",
      "[[ 0.    -1.368 -0.226]\n",
      " [ 1.368  0.     0.322]\n",
      " [ 0.226 -0.322  0.   ]]\n",
      "N_Ai: [-0.267  0.058  0.687]\n",
      "N_Bi: [-0.055 -0.284  0.682]\n",
      "N_Ai + N_Bi: [-0.322 -0.226  1.368]\n",
      "sigma: [1.424 1.424 0.   ]\n",
      "Rank Skew(N_Ai + N_Bi): 2\n",
      "[[ 0.     0.817  0.556]\n",
      " [-0.817  0.    -0.042]\n",
      " [-0.556  0.042  0.   ]]\n",
      "N_Ai: [ 0.299  0.253 -0.411]\n",
      "N_Bi: [-0.257  0.303 -0.406]\n",
      "N_Ai + N_Bi: [ 0.042  0.556 -0.817]\n",
      "sigma: [0.989 0.989 0.   ]\n",
      "Rank Skew(N_Ai + N_Bi): 2\n",
      "[[ 0.    -0.52   0.223]\n",
      " [ 0.52   0.    -0.246]\n",
      " [-0.223  0.246  0.   ]]\n",
      "N_Ai: [ 0.24  -0.01   0.258]\n",
      "N_Bi: [0.006 0.233 0.262]\n",
      "N_Ai + N_Bi: [0.246 0.223 0.52 ]\n",
      "sigma: [0.617 0.617 0.   ]\n",
      "Rank Skew(N_Ai + N_Bi): 2\n",
      "[[ 0.    -1.366 -0.278]\n",
      " [ 1.366  0.    -0.077]\n",
      " [ 0.278  0.077  0.   ]]\n",
      "N_Ai: [-0.095 -0.171  0.684]\n",
      "N_Bi: [ 0.171 -0.107  0.682]\n",
      "N_Ai + N_Bi: [ 0.077 -0.278  1.366]\n",
      "sigma: [1.396 1.396 0.   ]\n",
      "Rank Skew(N_Ai + N_Bi): 2\n",
      "Sigma: \n",
      "[[7.092 0.    0.   ]\n",
      " [0.    7.021 0.   ]\n",
      " [0.    0.    4.062]]\n",
      "R_Ai - np.eye(3): 2\n",
      "R_Ai - np.eye(3): 2\n",
      "R_Ai - np.eye(3): 2\n",
      "R_Ai - np.eye(3): 2\n",
      "R_Ai - np.eye(3): 2\n",
      "R_Ai - np.eye(3): 2\n",
      "R_Ai - np.eye(3): 2\n",
      "R_Ai - np.eye(3): 2\n",
      "R_Ai - np.eye(3): 2\n",
      "R_Ai - np.eye(3): 2\n",
      "R_Ai - np.eye(3): 2\n",
      "R_Ai - np.eye(3): 2\n",
      "R_Ai - np.eye(3): 2\n",
      "R_Ai - np.eye(3): 2\n",
      "R_Ai - np.eye(3): 2\n",
      "R_Ai - np.eye(3): 2\n",
      "R_Ai - np.eye(3): 2\n",
      "R_Ai - np.eye(3): 2\n",
      "R_Ai - np.eye(3): 2\n",
      "R_Ai - np.eye(3): 2\n",
      "R_Ai - np.eye(3): 2\n",
      "R_Ai - np.eye(3): 2\n",
      "R_Ai - np.eye(3): 2\n",
      "R_Ai - np.eye(3): 2\n",
      "R_Ai - np.eye(3): 2\n",
      "R_Ai - np.eye(3): 2\n",
      "R_Ai - np.eye(3): 2\n",
      "R_Ai - np.eye(3): 2\n",
      "R_Ai - np.eye(3): 2\n",
      "R_Ai - np.eye(3): 2\n",
      "R_Ai - np.eye(3): 2\n",
      "R_Ai - np.eye(3): 2\n",
      "R_Ai - np.eye(3): 2\n",
      "R_Ai - np.eye(3): 2\n",
      "R_Ai - np.eye(3): 2\n",
      "R_Ai - np.eye(3): 2\n",
      "R_Ai - np.eye(3): 2\n",
      "R_Ai - np.eye(3): 2\n",
      "R_Ai - np.eye(3): 2\n",
      "R_Ai - np.eye(3): 2\n",
      "R_Ai - np.eye(3): 2\n",
      "R_Ai - np.eye(3): 2\n",
      "R_Ai - np.eye(3): 2\n",
      "R_Ai - np.eye(3): 2\n",
      "R_Ai - np.eye(3): 2\n",
      "R_Ai - np.eye(3): 2\n",
      "R_Ai - np.eye(3): 2\n",
      "R_Ai - np.eye(3): 2\n",
      "R_Ai - np.eye(3): 2\n",
      "R_Ai - np.eye(3): 2\n",
      "R_Ai - np.eye(3): 2\n",
      "R_Ai - np.eye(3): 2\n",
      "R_Ai - np.eye(3): 2\n",
      "R_Ai - np.eye(3): 2\n",
      "R_Ai - np.eye(3): 2\n",
      "R_Ai - np.eye(3): 2\n",
      "R_Ai - np.eye(3): 2\n",
      "R_Ai - np.eye(3): 2\n",
      "R_Ai - np.eye(3): 2\n",
      "R_Ai - np.eye(3): 2\n",
      "R_Ai - np.eye(3): 2\n",
      "R_Ai - np.eye(3): 2\n",
      "R_Ai - np.eye(3): 2\n",
      "R_Ai - np.eye(3): 2\n",
      "R_Ai - np.eye(3): 2\n",
      "R_Ai - np.eye(3): 2\n",
      "Sigma: \n",
      "[[3.885 0.    0.   ]\n",
      " [0.    3.814 0.   ]\n",
      " [0.    0.    2.881]]\n",
      "T_wrist2cam\n",
      "[[-0.021  1.     0.018 -0.115]\n",
      " [-1.    -0.021 -0.002  0.034]\n",
      " [-0.002 -0.018  1.    -0.027]\n",
      " [ 0.     0.     0.     1.   ]]\n"
     ]
    }
   ],
   "source": [
    "# 标定结果输出的是\n",
    "# 腕关节坐标系 -> 相机坐标系的空间变换\n",
    "T_wrist2cam = calibration_eye_in_hand(T_arm2wrist_list, T_cam2board_list)\n",
    "print(\"T_wrist2cam\")\n",
    "print(T_wrist2cam)"
   ]
  },
  {
   "cell_type": "markdown",
   "id": "e10c75bc",
   "metadata": {},
   "source": [
    "## 验证标定结果"
   ]
  },
  {
   "cell_type": "markdown",
   "id": "076c22f6",
   "metadata": {},
   "source": [
    "标定板相对于机械臂是静止不动的， 因此通过新求得的`T_wrist2cam`, 来计算标定板在机械臂基坐标系下的位姿$^{arm}_{board}T$\n",
    "然后对比所有的采样数据，看标定板原点在机械臂基坐标系下坐标的分布情况。\n",
    "\n",
    "$$\n",
    "^{arm}_{board}T = ^{arm}_{wrist}T * ^{wrist}_{cam}T * ^{cam}_{board}T \n",
    "$$"
   ]
  },
  {
   "cell_type": "code",
   "execution_count": 6,
   "id": "a2a69e57",
   "metadata": {},
   "outputs": [
    {
     "name": "stdout",
     "output_type": "stream",
     "text": [
      "标定板坐标[0]: [1.237 0.172 0.79 ]\n",
      "标定板坐标[1]: [1.237 0.172 0.791]\n",
      "标定板坐标[2]: [1.237 0.173 0.792]\n",
      "标定板坐标[3]: [1.235 0.174 0.791]\n",
      "标定板坐标[4]: [1.234 0.173 0.791]\n",
      "标定板坐标[5]: [1.228 0.169 0.794]\n",
      "标定板坐标[6]: [1.228 0.17  0.797]\n",
      "标定板坐标[7]: [1.227 0.171 0.798]\n",
      "标定板坐标[8]: [1.228 0.172 0.797]\n",
      "标定板坐标[9]: [1.228 0.171 0.795]\n",
      "标定板坐标[10]: [1.229 0.171 0.796]\n",
      "标定板坐标[11]: [1.228 0.169 0.797]\n"
     ]
    }
   ],
   "source": [
    "n_sample = len(T_arm2wrist_list)\n",
    "t_arm2board_list = []\n",
    "for i in range(n_sample):\n",
    "    T_arm2wristi = T_arm2wrist_list[i]\n",
    "    T_cami2board = T_cam2board_list[i]\n",
    "    T_arm2board = np.dot(np.dot(T_arm2wristi, T_wrist2cam), T_cami2board)\n",
    "    t_arm2board = T_arm2board[:3, 3]\n",
    "    print(f\"标定板坐标[{i}]: {t_arm2board}\")\n",
    "    t_arm2board_list.append(t_arm2board)"
   ]
  },
  {
   "cell_type": "code",
   "execution_count": 7,
   "id": "1e0ab97a",
   "metadata": {},
   "outputs": [
    {
     "name": "stdout",
     "output_type": "stream",
     "text": [
      "标定板在机械臂基坐标系下的位置(均值):\n",
      " [1.231 0.171 0.794]\n",
      "各轴误差: error_x, error_y, error_z \n",
      "[[ 0.006  0.001 -0.004]\n",
      " [ 0.005  0.    -0.003]\n",
      " [ 0.005  0.001 -0.002]\n",
      " [ 0.004  0.003 -0.003]\n",
      " [ 0.002  0.002 -0.003]\n",
      " [-0.003 -0.003  0.   ]\n",
      " [-0.004 -0.002  0.003]\n",
      " [-0.004 -0.     0.004]\n",
      " [-0.003  0.001  0.003]\n",
      " [-0.003 -0.001  0.001]\n",
      " [-0.003 -0.     0.002]\n",
      " [-0.003 -0.002  0.003]]\n",
      "欧式距离: [0.007 0.006 0.006 0.005 0.004 0.004 0.005 0.005 0.004 0.003 0.003 0.005]\n",
      "distance_mean : 0.004824784748317957\n"
     ]
    }
   ],
   "source": [
    "t_arm2board_list = np.float64(t_arm2board_list)\n",
    "# 计算均值\n",
    "t_arm2board_mean = np.mean(t_arm2board_list, axis=0)\n",
    "print(f\"标定板在机械臂基坐标系下的位置(均值):\\n {t_arm2board_mean}\")\n",
    "error_xyz = t_arm2board_list - t_arm2board_mean\n",
    "print(f\"各轴误差: error_x, error_y, error_z \\n{error_xyz}\")\n",
    "distance = np.linalg.norm(error_xyz, axis=1)\n",
    "print(f\"欧式距离: {distance}\")\n",
    "distance_mean = np.mean(distance)\n",
    "print(f\"distance_mean : {distance_mean}\")"
   ]
  },
  {
   "cell_type": "code",
   "execution_count": null,
   "id": "c1c0f4ee",
   "metadata": {},
   "outputs": [],
   "source": []
  }
 ],
 "metadata": {
  "kernelspec": {
   "display_name": "Python 3 (ipykernel)",
   "language": "python",
   "name": "python3"
  },
  "language_info": {
   "codemirror_mode": {
    "name": "ipython",
    "version": 3
   },
   "file_extension": ".py",
   "mimetype": "text/x-python",
   "name": "python",
   "nbconvert_exporter": "python",
   "pygments_lexer": "ipython3",
   "version": "3.9.6"
  }
 },
 "nbformat": 4,
 "nbformat_minor": 5
}
